[Location]
Latitude=52.11433
Longitude=19.42367