[Location]
Latitude=52.40256
Longitude=16.94994